11267 10450
FIXEDMODULE 5
0 7800 620 1800
0 1500 620 1800
10647 7808 620 1800
10647 1500 620 1800
6000 9830 2700 620
SOFTMODULE 15
U0 2
6635 7135 691 579
6462 7135 173 2
A0 2
5944 7137 691 579
5944 7135 518 2
D0 2
4868 6459 1075 745
5943 7137 1 67
D1 3
6009 7717 829 965
6009 7716 829 1
6635 7714 203 2
E0 2
6838 7802 919 1755
6838 9557 919 42
PW0 4
6057 3796 1607 991
5851 3796 206 639
5951 4435 106 352
5851 4435 100 1
H1 3
4863 4436 1088 2022
4863 6458 589 1
4863 6459 5 152
H2 2
5951 4787 2045 1076
7992 5863 4 269
H0 3
5951 5863 2041 1272
5452 6458 499 1
5943 6459 8 676
IS1 11
7758 7392 2147 2096
7326 7392 432 322
7138 7714 620 2
7138 7716 620 1
7105 7717 653 85
7757 7802 1 1686
7104 7714 34 2
7104 7716 34 1
7103 7717 2 85
7103 7714 1 2
7103 7716 1 1
IS0 2
975 452 2975 3026
975 3478 2975 1
COM 4
2518 7799 3482 2650
6000 9557 838 42
6000 8683 838 874
6000 7799 9 884
NPU 6
7996 3492 2642 3900
7265 3492 731 304
7664 3796 332 991
7992 6132 4 1003
7326 7135 670 257
7085 3492 180 304
GPU 5
3950 611 6149 2868
4863 3479 5236 13
4863 3492 2222 304
4863 3796 988 639
4863 4435 988 1
CPU 7
383 3479 4480 4320
4863 7717 1146 82
4863 7716 1146 1
4863 7204 1081 512
4863 6611 5 593
383 3478 592 1
383 3336 592 142
Wire 45
500	6289.5 7425.5	6722 6499
300	2462.5 1965.5	6722 6499
3800	6722 6499	5407 5523.5
3100	6722 6499	6973.5 5459.5
1800	7024.5 2523.5	6973.5 5459.5
1100	7024.5 2523.5	5407 5523.5
650	7024.5 2523.5	6722 6499
1000	4678 9124	6973.5 5459.5
1000	4678 9124	5407 5523.5
950	4678 9124	6722 6499
1500	3196 5567.5	6973.5 5459.5
2000	3196 5567.5	5407 5523.5
1900	3196 5567.5	6722 6499
2200	8861.5 5442	6973.5 5459.5
3000	8861.5 5442	5407 5523.5
200	8861.5 5442	6722 6499
1000	6757.5 4291.5	6722 6499
50	6757.5 4291.5	5407 5523.5
50	6757.5 4291.5	6973.5 5459.5
50	6757.5 4291.5	2462.5 1965.5
50	6757.5 4291.5	6894 7424.5
50	6757.5 4291.5	5406 6831.5
50	6757.5 4291.5	6423.5 8198
50	6757.5 4291.5	6289.5 7425.5
50	6757.5 4291.5	7024.5 2523.5
50	6757.5 4291.5	8861.5 5442
50	6757.5 4291.5	3196 5567.5
50	6757.5 4291.5	4678 9124
1600	6894 7424.5	6722 6499
1250	5406 6831.5	6722 6499
770	6423.5 8198	6722 6499
1000	310 8700	5407 5523.5
1000	310 2400	5407 5523.5
1000	10957 8708	6973.5 5459.5
1000	10957 2400	6973.5 5459.5
50	7350 10140	6894 7424.5
66	2462.5 1965.5	8504 8440
150	7297.5 8700.5	6722 6499
150	7297.5 8700.5	5407 5523.5
150	7297.5 8700.5	6973.5 5459.5
1000	7297.5 8700.5	310 8700
1000	7297.5 8700.5	310 2400
1000	7297.5 8700.5	10957 8708
1000	7297.5 8700.5	10957 2400
500	7297.5 8700.5	7350 10140
